# Voltage (mV) Duration (ms)
-100 10
-80  20
-100 10
-100 10
-75  20
-100 10
-100 10
-70  20
-100 10
-100 10
-65  20
-100 10
-100 10
-60  20
-100 10
-100 10
-55  20
-100 10
-100 10
-50  20
-100 10
-100 10
-45  20
-100 10
-100 10
-40  20
-100 10
-100 10
-35  20
-100 10
-100 10
-30  20
-100 10
-100 10
-25  20
-100 10
-100 10
-20  20
-100 10
-100 10
-15  20
-100 10
-100 10
-10  20
-100 10
-100 10
-5   20
-100 10
-100 10
 0   20
-100 10
-100 10
 5   20
-100 10
-100 10
 10  20
-100 10
-100 10
 15  20
-100 10
-100 10
 20  20
-100 10
-100 10
 25  20
-100 10
-100 10
 30  20
-100 10
-100 10
 35  20
-100 10
