# Voltage (mV) Duration (ms)
-100 9
-80  20
-100 10
-100 2000
-100 9
-70  20
-100 10
-100 2000
-100 9
-60  20
-100 10
-100 2000
-100 9
-50  20
-100 10
-100 2000
-100 9
-40  20
-100 10
-100 2000
-100 9
-30  20
-100 10
-100 2000
-100 9
-20  20
-100 10
-100 2000
-100 9
-10  20
-100 10
-100 2000
-100 9
 0   20
-100 10
-100 2000
-100 9
 10  20
-100 10
-100 2000
-100 9
 20  20
-100 10
-100 2000
-100 9
 30  20
-100 10
-100 2000
-100 9
 40  20
-100 10
-100 2000
-100 9
 50  20
-100 10
-100 2000
-100 9
 60  20
-100 10
